{"producer":{"name":"Blender","version":"3.4.0","exporter_version":"3.3.0","file":"spiderman1.babylon"},
"autoClear":true,"clearColor":[0.0509,0.0509,0.0509],"gravity":[0,-9.81,0],
"materials":[{"name":"BodyMat","id":"BodyMat","customType":"BABYLON.PBRMaterial","emissive":[0,0,0],"reflectivity":[0,0,0],"roughness":0.45,"metallic":0, 
"albedoTexture":{"name":"T_M_MED_Lateral_Body_D.png","hasAlpha":true,"level":1,"coordinatesMode":0,"coordinatesIndex":0,"wrapU":1,"wrapV":1},"useAlphaFromAlbedoTexture":true, 
"bumpTexture":{"name":"T_M_MED_Lateral_Body_N.png","hasAlpha":true,"level":1,"coordinatesMode":0,"coordinatesIndex":0,"wrapU":1,"wrapV":1}},
{"name":"HeadMat","id":"HeadMat","customType":"BABYLON.PBRMaterial","emissive":[0,0,0],"reflectivity":[0,0,0],"roughness":0.5,"metallic":0, 
"albedoTexture":{"name":"T_M_MED_Lateral_Acc_D.png","hasAlpha":true,"level":1,"coordinatesMode":0,"coordinatesIndex":0,"wrapU":1,"wrapV":1},"useAlphaFromAlbedoTexture":true, 
"bumpTexture":{"name":"T_M_MED_Lateral_Acc_N.png","hasAlpha":true,"level":1,"coordinatesMode":0,"coordinatesIndex":0,"wrapU":1,"wrapV":1}}],
"skeletons":[{"name":"Character","id":0,"dimensionsAtRest":[1.1653,1.8568,0.2651],"bones":[
{"name":"mixamorig:Hips","index":0,"matrix":[0.7305,0.0024,-0.6829,0,0.0512,0.997,0.0583,0,-0.681,0.0776,-0.7282,0,-0.0017,0.9174,0.0064,1],"rest":[1,0,0,0,0,1,0,0,0,0,-1,0,0,0.9825,0.0122,1],"parentBoneIndex":-1,"length":0.0919
,"animation":
{"name":"anim","property":"_matrix","dataType":3,"framePerSecond":30,"loopBehavior":1,"keys":[
{"frame":1,"values":[0.7305,0.0024,-0.6829,0,0.0512,0.997,0.0583,0,-0.681,0.0776,-0.7282,0,-0.0017,0.9174,0.0064,1]},
{"frame":2,"values":[0.7302,0.0024,-0.6832,0,0.0515,0.997,0.0585,0,-0.6813,0.0779,-0.7279,0,-0.0016,0.9175,0.0065,1]},
{"frame":3,"values":[0.73,0.0024,-0.6835,0,0.0517,0.9969,0.0587,0,-0.6815,0.0782,-0.7276,0,-0.0015,0.9176,0.0066,1]},
{"frame":4,"values":[0.73,0.0023,-0.6835,0,0.052,0.9969,0.0589,0,-0.6815,0.0785,-0.7276,0,-0.0013,0.9177,0.0066,1]},
{"frame":5,"values":[0.7303,0.0021,-0.6832,0,0.0524,0.9969,0.059,0,-0.6811,0.0789,-0.7279,0,-0.0012,0.9178,0.0065,1]},
{"frame":6,"values":[0.7308,0.0019,-0.6826,0,0.0528,0.9968,0.0593,0,-0.6806,0.0794,-0.7284,0,-0.0012,0.918,0.0062,1]},
{"frame":7,"values":[0.7313,0.0018,-0.682,0,0.0532,0.9968,0.0597,0,-0.6799,0.08,-0.7289,0,-0.0012,0.9181,0.0059,1]},
{"frame":8,"values":[0.7318,0.0019,-0.6815,0,0.0536,0.9967,0.0603,0,-0.6794,0.0807,-0.7293,0,-0.0012,0.9183,0.0056,1]},
{"frame":9,"values":[0.7321,0.0019,-0.6812,0,0.0539,0.9967,0.0608,0,-0.6791,0.0812,-0.7296,0,-0.0012,0.9185,0.0051,1]},
{"frame":10,"values":[0.7322,0.002,-0.6811,0,0.0541,0.9967,0.0611,0,-0.679,0.0816,-0.7296,0,-0.0012,0.9188,0.0046,1]},
{"frame":11,"values":[0.732,0.002,-0.6813,0,0.0543,0.9966,0.0613,0,-0.6791,0.0818,-0.7295,0,-0.0012,0.919,0.0041,1]},
{"frame":12,"values":[0.7318,0.0021,-0.6815,0,0.0545,0.9966,0.0615,0,-0.6793,0.0822,-0.7292,0,-0.0011,0.9192,0.0036,1]},
{"frame":13,"values":[0.7317,0.0022,-0.6816,0,0.0548,0.9966,0.062,0,-0.6794,0.0827,-0.7291,0,-0.0009,0.9194,0.003,1]},
{"frame":14,"values":[0.7319,0.0023,-0.6814,0,0.0552,0.9965,0.0626,0,-0.6792,0.0835,-0.7292,0,-0.0008,0.9195,0.0026,1]},
{"frame":15,"values":[0.7324,0.0024,-0.6809,0,0.0557,0.9964,0.0633,0,-0.6786,0.0843,-0.7297,0,-0.0007,0.9196,0.0021,1]},
{"frame":16,"values":[0.733,0.0023,-0.6802,0,0.0561,0.9964,0.0639,0,-0.6779,0.085,-0.7302,0,-0.0007,0.9198,0.0016,1]},
{"frame":17,"values":[0.7333,0.0021,-0.6799,0,0.0565,0.9963,0.064,0,-0.6776,0.0854,-0.7305,0,-0.0007,0.9201,0.0012,1]},
{"frame":18,"values":[0.7331,0.0019,-0.6802,0,0.0568,0.9963,0.0639,0,-0.6778,0.0855,-0.7303,0,-0.0007,0.9204,0.0008,1]},
{"frame":19,"values":[0.7326,0.0017,-0.6807,0,0.057,0.9963,0.0637,0,-0.6783,0.0854,-0.7298,0,-0.0007,0.9207,0.0005,1]},
{"frame":20,"values":[0.7321,0.0015,-0.6812,0,0.0571,0.9963,0.0636,0,-0.6788,0.0855,-0.7294,0,-0.0007,0.9209,0.0001,1]},
{"frame":21,"values":[0.732,0.0014,-0.6813,0,0.0573,0.9963,0.0636,0,-0.6789,0.0856,-0.7293,0,-0.0007,0.9211,-0.0003,1]},
{"frame":22,"values":[0.7322,0.0014,-0.6811,0,0.0574,0.9963,0.0638,0,-0.6787,0.0858,-0.7294,0,-0.0007,0.9212,-0.0007,1]},
{"frame":23,"values":[0.7325,0.0015,-0.6808,0,0.0574,0.9963,0.064,0,-0.6784,0.086,-0.7297,0,-0.0007,0.9213,-0.0012,1]},
{"frame":24,"values":[0.7327,0.0016,-0.6805,0,0.0574,0.9963,0.0642,0,-0.6781,0.0861,-0.7299,0,-0.0008,0.9215,-0.0017,1]},
{"frame":25,"values":[0.7328,0.0017,-0.6804,0,0.0574,0.9963,0.0643,0,-0.678,0.0862,-0.73,0,-0.0008,0.9216,-0.0021,1]},
{"frame":26,"values":[0.7328,0.0018,-0.6804,0,0.0573,0.9963,0.0643,0,-0.678,0.0861,-0.73,0,-0.0008,0.9217,-0.0024,1]},
{"frame":27,"values":[0.7326,0.0018,-0.6807,0,0.0572,0.9963,0.0642,0,-0.6783,0.0859,-0.7298,0,-0.0009,0.9217,-0.0027,1]},
{"frame":28,"values":[0.7323,0.0018,-0.681,0,0.057,0.9963,0.064,0,-0.6786,0.0857,-0.7295,0,-0.0009,0.9218,-0.0028,1]},
{"frame":29,"values":[0.7321,0.0018,-0.6812,0,0.0569,0.9963,0.0637,0,-0.6788,0.0854,-0.7293,0,-0.001,0.9218,-0.0028,1]},
{"frame":30,"values":[0.732,0.0016,-0.6813,0,0.0568,0.9964,0.0634,0,-0.6789,0.0851,-0.7292,0,-0.001,0.9218,-0.0028,1]},
{"frame":31,"values":[0.7319,0.0016,-0.6814,0,0.0567,0.9964,0.0632,0,-0.679,0.0848,-0.7292,0,-0.0011,0.9217,-0.0026,1]},
{"frame":32,"values":[0.7319,0.0015,-0.6814,0,0.0566,0.9964,0.0631,0,-0.679,0.0847,-0.7292,0,-0.0011,0.9215,-0.0024,1]},
{"frame":33,"values":[0.7321,0.0015,-0.6812,0,0.0567,0.9964,0.0631,0,-0.6789,0.0848,-0.7293,0,-0.0011,0.9213,-0.0021,1]},
{"frame":34,"values":[0.7324,0.0014,-0.6809,0,0.0567,0.9964,0.0631,0,-0.6785,0.0848,-0.7296,0,-0.0011,0.921,-0.0018,1]},
{"frame":35,"values":[0.7327,0.0013,-0.6806,0,0.0568,0.9964,0.0631,0,-0.6782,0.0849,-0.73,0,-0.0012,0.9209,-0.0015,1]},
{"frame":36,"values":[0.7328,0.0013,-0.6805,0,0.0567,0.9964,0.0629,0,-0.6781,0.0846,-0.7301,0,-0.0013,0.9209,-0.0011,1]},
{"frame":37,"values":[0.7326,0.0013,-0.6807,0,0.0564,0.9965,0.0625,0,-0.6784,0.0842,-0.7299,0,-0.0013,0.9209,-0.0007,1]},
{"frame":38,"values":[0.7322,0.0013,-0.6811,0,0.056,0.9965,0.0621,0,-0.6788,0.0837,-0.7295,0,-0.0013,0.9208,-0.0003,1]},
{"frame":39,"values":[0.7319,0.0014,-0.6814,0,0.0558,0.9965,0.0619,0,-0.6792,0.0833,-0.7292,0,-0.0013,0.9206,0.0001,1]},
{"frame":40,"values":[0.7319,0.0014,-0.6814,0,0.0557,0.9965,0.0619,0,-0.6791,0.0832,-0.7293,0,-0.0014,0.9203,0.0005,1]},
{"frame":41,"values":[0.7321,0.0015,-0.6812,0,0.0555,0.9965,0.0619,0,-0.6789,0.0831,-0.7295,0,-0.0014,0.92,0.0009,1]},
{"frame":42,"values":[0.7323,0.0016,-0.6809,0,0.0554,0.9965,0.0619,0,-0.6787,0.083,-0.7297,0,-0.0015,0.9197,0.0012,1]},
{"frame":43,"values":[0.7323,0.0017,-0.681,0,0.0551,0.9966,0.0618,0,-0.6788,0.0828,-0.7297,0,-0.0016,0.9196,0.0015,1]},
{"frame":44,"values":[0.7319,0.0019,-0.6814,0,0.0548,0.9966,0.0616,0,-0.6792,0.0824,-0.7293,0,-0.0017,0.9195,0.0019,1]},
{"frame":45,"values":[0.7314,0.002,-0.6819,0,0.0545,0.9966,0.0614,0,-0.6798,0.082,-0.7288,0,-0.0018,0.9193,0.0023,1]},
{"frame":46,"values":[0.731,0.0021,-0.6824,0,0.0542,0.9967,0.0611,0,-0.6802,0.0817,-0.7284,0,-0.0018,0.9192,0.0027,1]},
{"frame":47,"values":[0.7308,0.0021,-0.6826,0,0.054,0.9967,0.0609,0,-0.6805,0.0814,-0.7282,0,-0.0019,0.919,0.0032,1]},
{"frame":48,"values":[0.7308,0.0021,-0.6826,0,0.0538,0.9967,0.0607,0,-0.6805,0.081,-0.7282,0,-0.0019,0.9187,0.0038,1]},
{"frame":49,"values":[0.7309,0.0021,-0.6825,0,0.0535,0.9967,0.0604,0,-0.6804,0.0807,-0.7284,0,-0.0019,0.9185,0.0043,1]},
{"frame":50,"values":[0.7311,0.0021,-0.6822,0,0.0533,0.9968,0.0602,0,-0.6802,0.0804,-0.7286,0,-0.002,0.9184,0.0047,1]},
{"frame":51,"values":[0.7313,0.0022,-0.6821,0,0.0529,0.9968,0.06,0,-0.68,0.08,-0.7288,0,-0.002,0.9182,0.0051,1]},
{"frame":52,"values":[0.7312,0.0024,-0.6821,0,0.0526,0.9968,0.0598,0,-0.6801,0.0796,-0.7288,0,-0.0019,0.9181,0.0054,1]},
{"frame":53,"values":[0.731,0.0024,-0.6823,0,0.0523,0.9968,0.0596,0,-0.6803,0.0793,-0.7286,0,-0.0019,0.918,0.0056,1]},
{"frame":54,"values":[0.7307,0.0024,-0.6827,0,0.0522,0.9969,0.0594,0,-0.6807,0.0791,-0.7283,0,-0.0018,0.9178,0.0058,1]},
{"frame":55,"values":[0.7304,0.0025,-0.683,0,0.0521,0.9969,0.0593,0,-0.681,0.0789,-0.728,0,-0.0017,0.9177,0.0059,1]},
{"frame":56,"values":[0.7303,0.0025,-0.6832,0,0.052,0.9969,0.0591,0,-0.6812,0.0787,-0.7279,0,-0.0017,0.9176,0.006,1]},
{"frame":57,"values":[0.7303,0.0025,-0.6832,0,0.0518,0.9969,0.0589,0,-0.6812,0.0784,-0.7279,0,-0.0017,0.9175,0.0061,1]},
{"frame":58,"values":[0.7304,0.0025,-0.683,0,0.0515,0.9969,0.0587,0,-0.6811,0.0781,-0.728,0,-0.0017,0.9175,0.0062,1]},
{"frame":59,"values":[0.7305,0.0025,-0.6829,0,0.0513,0.997,0.0585,0,-0.681,0.0777,-0.7281,0,-0.0017,0.9174,0.0064,1]},
{"frame":60,"values":[0.7305,0.0025,-0.6829,0,0.0512,0.997,0.0583,0,-0.681,0.0775,-0.7282,0,-0.0017,0.9174,0.0064,1]},
{"frame":70,"values":[0.7305,0.0024,-0.6829,0,0.0512,0.997,0.0583,0,-0.681,0.0776,-0.7282,0,-0.0017,0.9174,0.0064,1]},
{"frame":71,"values":[0.7305,0.0024,-0.6829,0,0.0512,0.997,0.0583,0,-0.681,0.0776,-0.7282,0,-0.0017,0.9174,0.0064,1]}]}},
{"name":"mixamorig:Spine","index":1,"matrix":[0.9966,-0.0135,-0.0807,0,0.014,0.9999,0.0062,0,0.0806,-0.0073,0.9967,0,0,0.0839,-0.0079,1],"rest":[1,0,0,0,0,0.9956,-0.0941,0,0,0.0941,0.9956,0,0,0.0839,-0.0079,1],"parentBoneIndex":0,"length":0.0983
,"animation":
{"name":"anim","property":"_matrix","dataType":3,"framePerSecond":30,"loopBehavior":1,"keys":[
{"frame":1,"values":[0.9966,-0.0135,-0.0807,0,0.014,0.9999,0.0062,0,0.0806,-0.0073,0.9967,0,0,0.0839,-0.0079,1]},
{"frame":2,"values":[0.9966,-0.0135,-0.0807,0,0.014,0.9999,0.0061,0,0.0806,-0.0073,0.9967,0,0,0.0839,-0.0079,1]},
{"frame":3,"values":[0.9966,-0.0134,-0.0807,0,0.014,0.9999,0.006,0,0.0806,-0.0071,0.9967,0,0,0.0839,-0.0079,1]},
{"frame":4,"values":[0.9967,-0.0134,-0.0806,0,0.0139,0.9999,0.0059,0,0.0806,-0.007,0.9967,0,0,0.0839,-0.0079,1]},
{"frame":5,"values":[0.9967,-0.0133,-0.0805,0,0.0138,0.9999,0.0057,0,0.0804,-0.0067,0.9967,0,0,0.0839,-0.0079,1]},
{"frame":6,"values":[0.9967,-0.0132,-0.0802,0,0.0136,0.9999,0.0054,0,0.0802,-0.0065,0.9968,0,0,0.0839,-0.0079,1]},
{"frame":7,"values":[0.9967,-0.013,-0.08,0,0.0135,0.9999,0.0051,0,0.0799,-0.0061,0.9968,0,0,0.0839,-0.0079,1]},
{"frame":8,"values":[0.9967,-0.0129,-0.0798,0,0.0133,0.9999,0.0047,0,0.0797,-0.0058,0.9968,0,0,0.0839,-0.0079,1]},
{"frame":9,"values":[0.9967,-0.0128,-0.0798,0,0.0132,0.9999,0.0043,0,0.0797,-0.0053,0.9968,0,0,0.0839,-0.0079,1]},
{"frame":10,"values":[0.9967,-0.0128,-0.0798,0,0.0131,0.9999,0.0038,0,0.0798,-0.0048,0.9968,0,0,0.0839,-0.0079,1]},
{"frame":11,"values":[0.9967,-0.0127,-0.0799,0,0.013,0.9999,0.0033,0,0.0799,-0.0043,0.9968,0,0,0.0839,-0.0079,1]},
{"frame":12,"values":[0.9967,-0.0126,-0.08,0,0.0129,0.9999,0.0028,0,0.08,-0.0038,0.9968,0,0,0.0839,-0.0079,1]},
{"frame":13,"values":[0.9967,-0.0125,-0.0801,0,0.0128,0.9999,0.0024,0,0.08,-0.0034,0.9968,0,0,0.0839,-0.0079,1]},
{"frame":14,"values":[0.9967,-0.0124,-0.08,0,0.0126,0.9999,0.002,0,0.08,-0.003,0.9968,0,0,0.0839,-0.0079,1]},
{"frame":15,"values":[0.9967,-0.0123,-0.0799,0,0.0124,0.9999,0.0016,0,0.0798,-0.0026,0.9968,0,0,0.0839,-0.0079,1]},
{"frame":16,"values":[0.9967,-0.0121,-0.0797,0,0.0122,0.9999,0.0011,0,0.0797,-0.0021,0.9968,0,0,0.0839,-0.0079,1]},
{"frame":17,"values":[0.9968,-0.012,-0.0796,0,0.0121,0.9999,0.0007,0,0.0796,-0.0016,0.9968,0,0,0.0839,-0.0079,1]},
{"frame":18,"values":[0.9967,-0.0119,-0.0797,0,0.0119,0.9999,0.0002,0,0.0797,-0.0011,0.9968,0,0,0.0839,-0.0079,1]},
{"frame":19,"values":[0.9967,-0.0118,-0.0798,0,0.0118,0.9999,-0.0003,0,0.0798,-0.0007,0.9968,0,0,0.0839,-0.0079,1]},
{"frame":20,"values":[0.9967,-0.0117,-0.0799,0,0.0117,0.9999,-0.0007,0,0.0799,-0.0003,0.9968,0,0,0.0839,-0.0079,1]},
{"frame":21,"values":[0.9967,-0.0116,-0.0798,0,0.0116,0.9999,-0.001,0,0.0799,0.0001,0.9968,0,0,0.0839,-0.0079,1]},
{"frame":22,"values":[0.9967,-0.0115,-0.0798,0,0.0115,0.9999,-0.0013,0,0.0798,0.0004,0.9968,0,0,0.0839,-0.0079,1]},
{"frame":23,"values":[0.9968,-0.0115,-0.0797,0,0.0114,0.9999,-0.0017,0,0.0797,0.0007,0.9968,0,0,0.0839,-0.0079,1]},
{"frame":24,"values":[0.9968,-0.0115,-0.0797,0,0.0113,0.9999,-0.002,0,0.0797,0.001,0.9968,0,0,0.0839,-0.0079,1]},
{"frame":25,"values":[0.9968,-0.0114,-0.0797,0,0.0113,0.9999,-0.0022,0,0.0797,0.0013,0.9968,0,0,0.0839,-0.0079,1]},
{"frame":26,"values":[0.9967,-0.0114,-0.0797,0,0.0113,0.9999,-0.0024,0,0.0798,0.0015,0.9968,0,0,0.0839,-0.0079,1]},
{"frame":27,"values":[0.9967,-0.0115,-0.0798,0,0.0113,0.9999,-0.0024,0,0.0798,0.0015,0.9968,0,0,0.0839,-0.0079,1]},
{"frame":28,"values":[0.9967,-0.0115,-0.0798,0,0.0114,0.9999,-0.0023,0,0.0799,0.0014,0.9968,0,0,0.0839,-0.0079,1]},
{"frame":29,"values":[0.9967,-0.0116,-0.0799,0,0.0114,0.9999,-0.0021,0,0.0799,0.0012,0.9968,0,0,0.0839,-0.0079,1]},
{"frame":30,"values":[0.9967,-0.0117,-0.0799,0,0.0115,0.9999,-0.0019,0,0.0799,0.001,0.9968,0,0,0.0839,-0.0079,1]},
{"frame":31,"values":[0.9967,-0.0117,-0.08,0,0.0116,0.9999,-0.0016,0,0.08,0.0007,0.9968,0,0,0.0839,-0.0079,1]},
{"frame":32,"values":[0.9967,-0.0118,-0.08,0,0.0117,0.9999,-0.0013,0,0.08,0.0003,0.9968,0,0,0.0839,-0.0079,1]},
{"frame":33,"values":[0.9967,-0.0118,-0.0799,0,0.0118,0.9999,-0.0009,0,0.0799,-0.0001,0.9968,0,0,0.0839,-0.0079,1]},
{"frame":34,"values":[0.9967,-0.0119,-0.0799,0,0.0119,0.9999,-0.0004,0,0.0799,-0.0005,0.9968,0,0,0.0839,-0.0079,1]},
{"frame":35,"values":[0.9967,-0.0119,-0.0798,0,0.0119,0.9999,0,0,0.0798,-0.0009,0.9968,0,0,0.0839,-0.0079,1]},
{"frame":36,"values":[0.9967,-0.012,-0.0799,0,0.012,0.9999,0.0003,0,0.0799,-0.0012,0.9968,0,0,0.0839,-0.0079,1]},
{"frame":37,"values":[0.9967,-0.0121,-0.08,0,0.0121,0.9999,0.0006,0,0.0799,-0.0016,0.9968,0,0,0.0839,-0.0079,1]},
{"frame":38,"values":[0.9967,-0.0122,-0.08,0,0.0123,0.9999,0.0009,0,0.08,-0.0019,0.9968,0,0,0.0839,-0.0079,1]},
{"frame":39,"values":[0.9967,-0.0122,-0.0801,0,0.0124,0.9999,0.0013,0,0.08,-0.0023,0.9968,0,0,0.0839,-0.0079,1]},
{"frame":40,"values":[0.9967,-0.0122,-0.08,0,0.0124,0.9999,0.0017,0,0.08,-0.0027,0.9968,0,0,0.0839,-0.0079,1]},
{"frame":41,"values":[0.9967,-0.0123,-0.08,0,0.0125,0.9999,0.0021,0,0.0799,-0.003,0.9968,0,0,0.0839,-0.0079,1]},
{"frame":42,"values":[0.9967,-0.0124,-0.08,0,0.0126,0.9999,0.0024,0,0.0799,-0.0034,0.9968,0,0,0.0839,-0.0079,1]},
{"frame":43,"values":[0.9967,-0.0124,-0.08,0,0.0127,0.9999,0.0026,0,0.08,-0.0036,0.9968,0,0,0.0839,-0.0079,1]},
{"frame":44,"values":[0.9967,-0.0126,-0.0801,0,0.0128,0.9999,0.0029,0,0.0801,-0.0039,0.9968,0,0,0.0839,-0.0079,1]},
{"frame":45,"values":[0.9967,-0.0127,-0.0803,0,0.013,0.9999,0.0031,0,0.0802,-0.0042,0.9968,0,0,0.0839,-0.0079,1]},
{"frame":46,"values":[0.9967,-0.0128,-0.0804,0,0.0131,0.9999,0.0034,0,0.0803,-0.0045,0.9968,0,0,0.0839,-0.0079,1]},
{"frame":47,"values":[0.9967,-0.0129,-0.0805,0,0.0132,0.9999,0.0038,0,0.0804,-0.0048,0.9967,0,0,0.0839,-0.0079,1]},
{"frame":48,"values":[0.9967,-0.0129,-0.0805,0,0.0133,0.9999,0.0041,0,0.0805,-0.0051,0.9967,0,0,0.0839,-0.0079,1]},
{"frame":49,"values":[0.9967,-0.013,-0.0805,0,0.0134,0.9999,0.0044,0,0.0805,-0.0055,0.9967,0,0,0.0839,-0.0079,1]},
{"frame":50,"values":[0.9967,-0.0131,-0.0805,0,0.0135,0.9999,0.0047,0,0.0805,-0.0057,0.9967,0,0,0.0839,-0.0079,1]},
{"frame":51,"values":[0.9967,-0.0131,-0.0805,0,0.0136,0.9999,0.0049,0,0.0805,-0.006,0.9967,0,0,0.0839,-0.0079,1]},
{"frame":52,"values":[0.9967,-0.0132,-0.0806,0,0.0136,0.9999,0.0052,0,0.0805,-0.0063,0.9967,0,0,0.0839,-0.0079,1]},
{"frame":53,"values":[0.9967,-0.0132,-0.0806,0,0.0137,0.9999,0.0054,0,0.0805,-0.0065,0.9967,0,0,0.0839,-0.0079,1]},
{"frame":54,"values":[0.9967,-0.0132,-0.0807,0,0.0137,0.9999,0.0056,0,0.0806,-0.0067,0.9967,0,0,0.0839,-0.0079,1]},
{"frame":55,"values":[0.9967,-0.0132,-0.0807,0,0.0137,0.9999,0.0058,0,0.0806,-0.0069,0.9967,0,0,0.0839,-0.0079,1]},
{"frame":56,"values":[0.9966,-0.0133,-0.0807,0,0.0138,0.9999,0.0059,0,0.0806,-0.007,0.9967,0,0,0.0839,-0.0079,1]},
{"frame":57,"values":[0.9966,-0.0133,-0.0807,0,0.0138,0.9999,0.006,0,0.0806,-0.0071,0.9967,0,0,0.0839,-0.0079,1]},
{"frame":58,"values":[0.9966,-0.0133,-0.0807,0,0.0139,0.9999,0.0061,0,0.0806,-0.0072,0.9967,0,0,0.0839,-0.0079,1]},
{"frame":59,"values":[0.9966,-0.0134,-0.0807,0,0.0139,0.9999,0.0062,0,0.0806,-0.0073,0.9967,0,0,0.0839,-0.0079,1]},
{"frame":60,"values":[0.9966,-0.0134,-0.0807,0,0.0139,0.9999,0.0063,0,0.0806,-0.0074,0.9967,0,0,0.0839,-0.0079,1]},
{"frame":70,"values":[0.9966,-0.0135,-0.0807,0,0.014,0.9999,0.0062,0,0.0806,-0.0073,0.9967,0,0,0.0839,-0.0079,1]},
{"frame":71,"values":[0.9966,-0.0135,-0.0807,0,0.014,0.9999,0.0062,0,0.0806,-0.0073,0.9967,0,0,0.0839,-0.0079,1]}]}},
{"name":"mixamorig:Spine1","index":2,"matrix":[0.9862,-0.0049,-0.1656,0,0.0381,0.9795,0.1978,0,0.1612,-0.2013,0.9662,0,0,0.0983,0,1],"rest":[1,0,0,0,0,1,0,0,0,0,1,0,0,0.0983,0,1],"parentBoneIndex":1,"length":0.1123
,"animation":
{"name":"anim","property":"_matrix","dataType":3,"framePerSecond":30,"loopBehavior":1,"keys":[
{"frame":1,"values":[0.9862,-0.0049,-0.1656,0,0.0381,0.9795,0.1978,0,0.1612,-0.2013,0.9662,0,0,0.0983,0,1]},
{"frame":2,"values":[0.9862,-0.0049,-0.1656,0,0.0381,0.9795,0.1977,0,0.1612,-0.2012,0.9662,0,0,0.0983,0,1]},
{"frame":3,"values":[0.9862,-0.0049,-0.1656,0,0.038,0.9796,0.1975,0,0.1612,-0.201,0.9662,0,0,0.0983,0,1]},
{"frame":4,"values":[0.9862,-0.0048,-0.1655,0,0.0379,0.9796,0.1971,0,0.1611,-0.2007,0.9663,0,0,0.0983,0,1]},
{"frame":5,"values":[0.9862,-0.0047,-0.1652,0,0.0377,0.9797,0.1967,0,0.1609,-0.2002,0.9664,0,0,0.0983,0,1]},
{"frame":6,"values":[0.9863,-0.0046,-0.1647,0,0.0373,0.9799,0.1962,0,0.1604,-0.1997,0.9666,0,0,0.0983,0,1]},
{"frame":7,"values":[0.9864,-0.0044,-0.1641,0,0.037,0.98,0.1956,0,0.1599,-0.199,0.9669,0,0,0.0983,0,1]},
{"frame":8,"values":[0.9865,-0.0043,-0.1638,0,0.0367,0.9801,0.1949,0,0.1597,-0.1983,0.967,0,0,0.0983,0,1]},
{"frame":9,"values":[0.9865,-0.0042,-0.1637,0,0.0364,0.9803,0.1941,0,0.1596,-0.1975,0.9672,0,0,0.0983,0,1]},
{"frame":10,"values":[0.9865,-0.0041,-0.1637,0,0.0362,0.9805,0.1932,0,0.1598,-0.1965,0.9674,0,0,0.0983,0,1]},
{"frame":11,"values":[0.9865,-0.004,-0.1639,0,0.0359,0.9807,0.1922,0,0.16,-0.1955,0.9676,0,0,0.0983,0,1]},
{"frame":12,"values":[0.9864,-0.0039,-0.1641,0,0.0357,0.9809,0.1912,0,0.1602,-0.1945,0.9677,0,0,0.0983,0,1]},
{"frame":13,"values":[0.9864,-0.0037,-0.1642,0,0.0354,0.9811,0.1904,0,0.1604,-0.1936,0.9679,0,0,0.0983,0,1]},
{"frame":14,"values":[0.9864,-0.0035,-0.1641,0,0.0351,0.9812,0.1897,0,0.1603,-0.1928,0.968,0,0,0.0983,0,1]},
{"frame":15,"values":[0.9865,-0.0033,-0.1637,0,0.0347,0.9814,0.1889,0,0.16,-0.192,0.9683,0,0,0.0983,0,1]},
{"frame":16,"values":[0.9866,-0.0031,-0.1633,0,0.0343,0.9816,0.188,0,0.1597,-0.1911,0.9685,0,0,0.0983,0,1]},
{"frame":17,"values":[0.9866,-0.0029,-0.1632,0,0.0339,0.9818,0.1871,0,0.1597,-0.1901,0.9687,0,0,0.0983,0,1]},
{"frame":18,"values":[0.9866,-0.0028,-0.1633,0,0.0336,0.9819,0.1862,0,0.1599,-0.1892,0.9688,0,0,0.0983,0,1]},
{"frame":19,"values":[0.9865,-0.0027,-0.1635,0,0.0334,0.9821,0.1853,0,0.1601,-0.1883,0.969,0,0,0.0983,0,1]},
{"frame":20,"values":[0.9865,-0.0025,-0.1636,0,0.0331,0.9823,0.1846,0,0.1603,-0.1875,0.9691,0,0,0.0983,0,1]},
{"frame":21,"values":[0.9865,-0.0024,-0.1636,0,0.0329,0.9824,0.1839,0,0.1603,-0.1868,0.9692,0,0,0.0983,0,1]},
{"frame":22,"values":[0.9865,-0.0024,-0.1634,0,0.0327,0.9825,0.1832,0,0.1602,-0.1861,0.9694,0,0,0.0983,0,1]},
{"frame":23,"values":[0.9866,-0.0023,-0.1633,0,0.0325,0.9826,0.1826,0,0.1601,-0.1855,0.9695,0,0,0.0983,0,1]},
{"frame":24,"values":[0.9866,-0.0023,-0.1633,0,0.0324,0.9828,0.182,0,0.16,-0.1849,0.9696,0,0,0.0983,0,1]},
{"frame":25,"values":[0.9866,-0.0023,-0.1633,0,0.0323,0.9829,0.1815,0,0.1601,-0.1844,0.9697,0,0,0.0983,0,1]},
{"frame":26,"values":[0.9866,-0.0023,-0.1634,0,0.0323,0.9829,0.1812,0,0.1602,-0.1841,0.9698,0,0,0.0983,0,1]},
{"frame":27,"values":[0.9865,-0.0023,-0.1635,0,0.0323,0.9829,0.1811,0,0.1603,-0.184,0.9698,0,0,0.0983,0,1]},
{"frame":28,"values":[0.9865,-0.0024,-0.1636,0,0.0324,0.9829,0.1813,0,0.1603,-0.1841,0.9697,0,0,0.0983,0,1]},
{"frame":29,"values":[0.9865,-0.0025,-0.1637,0,0.0326,0.9828,0.1816,0,0.1604,-0.1845,0.9696,0,0,0.0983,0,1]},
{"frame":30,"values":[0.9865,-0.0026,-0.1638,0,0.0329,0.9827,0.1821,0,0.1605,-0.185,0.9695,0,0,0.0983,0,1]},
{"frame":31,"values":[0.9865,-0.0027,-0.1639,0,0.0331,0.9826,0.1827,0,0.1605,-0.1856,0.9694,0,0,0.0983,0,1]},
{"frame":32,"values":[0.9865,-0.0028,-0.1639,0,0.0333,0.9825,0.1833,0,0.1605,-0.1863,0.9693,0,0,0.0983,0,1]},
{"frame":33,"values":[0.9865,-0.0029,-0.1638,0,0.0334,0.9823,0.1841,0,0.1604,-0.1871,0.9692,0,0,0.0983,0,1]},
{"frame":34,"values":[0.9865,-0.0029,-0.1637,0,0.0336,0.9822,0.185,0,0.1603,-0.188,0.969,0,0,0.0983,0,1]},
{"frame":35,"values":[0.9865,-0.003,-0.1637,0,0.0338,0.982,0.1857,0,0.1602,-0.1887,0.9689,0,0,0.0983,0,1]},
{"frame":36,"values":[0.9865,-0.0031,-0.1638,0,0.034,0.9819,0.1864,0,0.1602,-0.1894,0.9687,0,0,0.0983,0,1]},
{"frame":37,"values":[0.9865,-0.0032,-0.1639,0,0.0342,0.9818,0.187,0,0.1604,-0.19,0.9686,0,0,0.0983,0,1]},
{"frame":38,"values":[0.9864,-0.0033,-0.1641,0,0.0345,0.9816,0.1876,0,0.1605,-0.1907,0.9684,0,0,0.0983,0,1]},
{"frame":39,"values":[0.9864,-0.0034,-0.1642,0,0.0347,0.9815,0.1883,0,0.1605,-0.1915,0.9683,0,0,0.0983,0,1]},
{"frame":40,"values":[0.9864,-0.0034,-0.1641,0,0.0348,0.9813,0.1891,0,0.1604,-0.1922,0.9682,0,0,0.0983,0,1]},
{"frame":41,"values":[0.9865,-0.0034,-0.164,0,0.035,0.9812,0.1898,0,0.1603,-0.193,0.968,0,0,0.0983,0,1]},
{"frame":42,"values":[0.9865,-0.0035,-0.164,0,0.0352,0.9811,0.1904,0,0.1602,-0.1936,0.9679,0,0,0.0983,0,1]},
{"frame":43,"values":[0.9864,-0.0037,-0.1641,0,0.0354,0.981,0.1909,0,0.1603,-0.1941,0.9678,0,0,0.0983,0,1]},
{"frame":44,"values":[0.9864,-0.0038,-0.1643,0,0.0356,0.9809,0.1913,0,0.1605,-0.1946,0.9677,0,0,0.0983,0,1]},
{"frame":45,"values":[0.9863,-0.0039,-0.1646,0,0.0359,0.9808,0.1919,0,0.1607,-0.1952,0.9675,0,0,0.0983,0,1]},
{"frame":46,"values":[0.9863,-0.0041,-0.1649,0,0.0362,0.9806,0.1925,0,0.1609,-0.1958,0.9674,0,0,0.0983,0,1]},
{"frame":47,"values":[0.9863,-0.0042,-0.1651,0,0.0364,0.9805,0.1931,0,0.161,-0.1964,0.9672,0,0,0.0983,0,1]},
{"frame":48,"values":[0.9863,-0.0043,-0.1652,0,0.0367,0.9804,0.1937,0,0.1611,-0.1971,0.9671,0,0,0.0983,0,1]},
{"frame":49,"values":[0.9862,-0.0043,-0.1652,0,0.0369,0.9803,0.1943,0,0.1611,-0.1977,0.9669,0,0,0.0983,0,1]},
{"frame":50,"values":[0.9862,-0.0044,-0.1652,0,0.037,0.9801,0.1948,0,0.1611,-0.1983,0.9668,0,0,0.0983,0,1]},
{"frame":51,"values":[0.9862,-0.0045,-0.1653,0,0.0372,0.98,0.1954,0,0.1611,-0.1988,0.9667,0,0,0.0983,0,1]},
{"frame":52,"values":[0.9862,-0.0045,-0.1653,0,0.0373,0.9799,0.1958,0,0.1611,-0.1993,0.9666,0,0,0.0983,0,1]},
{"frame":53,"values":[0.9862,-0.0045,-0.1654,0,0.0374,0.9798,0.1963,0,0.1612,-0.1997,0.9665,0,0,0.0983,0,1]},
{"frame":54,"values":[0.9862,-0.0045,-0.1655,0,0.0375,0.9798,0.1966,0,0.1613,-0.2001,0.9664,0,0,0.0983,0,1]},
{"frame":55,"values":[0.9862,-0.0045,-0.1656,0,0.0375,0.9797,0.1969,0,0.1613,-0.2004,0.9663,0,0,0.0983,0,1]},
{"frame":56,"values":[0.9862,-0.0046,-0.1656,0,0.0376,0.9796,0.1972,0,0.1613,-0.2007,0.9663,0,0,0.0983,0,1]},
{"frame":57,"values":[0.9862,-0.0046,-0.1656,0,0.0377,0.9796,0.1975,0,0.1613,-0.201,0.9662,0,0,0.0983,0,1]},
{"frame":58,"values":[0.9862,-0.0047,-0.1656,0,0.0378,0.9795,0.1977,0,0.1613,-0.2012,0.9662,0,0,0.0983,0,1]},
{"frame":59,"values":[0.9862,-0.0047,-0.1656,0,0.0379,0.9795,0.1978,0,0.1613,-0.2014,0.9661,0,0,0.0983,0,1]},
{"frame":60,"values":[0.9862,-0.0047,-0.1656,0,0.0379,0.9795,0.1979,0,0.1613,-0.2014,0.9661,0,0,0.0983,0,1]},
{"frame":70,"values":[0.9862,-0.0049,-0.1656,0,0.0381,0.9795,0.1978,0,0.1612,-0.2013,0.9662,0,0,0.0983,0,1]},
{"frame":71,"values":[0.9862,-0.0049,-0.1656,0,0.0381,0.9795,0.1978,0,0.1612,-0.2013,0.9662,0,0,0.0983,0,1]}]}},
{"name":"mixamorig:Spine2","index":3,"matrix":[0.9862,-0.0049,-0.1656,0,0.0381,0.9795,0.1978,0,0.1612,-0.2013,0.9662,0,0,0.1123,0,1],"rest":[1,0,0,0,0,1,0,0,0,0,1,0,0,0.1123,0,1],"parentBoneIndex":2,"length":0.123
,"animation":
{"name":"anim","property":"_matrix","dataType":3,"framePerSecond":30,"loopBehavior":1,"keys":[
{"frame":1,"values":[0.9862,-0.0049,-0.1656,0,0.0381,0.9795,0.1978,0,0.1612,-0.2013,0.9662,0,0,0.1123,0,1]},
{"frame":2,"values":[0.9862,-0.0049,-0.1656,0,0.0381,0.9795,0.1977,0,0.1612,-0.2012,0.9662,0,0,0.1123,0,1]},
{"frame":3,"values":[0.9862,-0.0049,-0.1656,0,0.038,0.9796,0.1975,0,0.1612,-0.201,0.9662,0,0,0.1123,0,1]},
{"frame":4,"values":[0.9862,-0.0048,-0.1655,0,0.0379,0.9796,0.1971,0,0.1611,-0.2007,0.9663,0,0,0.1123,0,1]},
{"frame":5,"values":[0.9862,-0.0047,-0.1652,0,0.0377,0.9797,0.1967,0,0.1609,-0.2002,0.9664,0,0,0.1123,0,1]},
{"frame":6,"values":[0.9863,-0.0046,-0.1647,0,0.0373,0.9799,0.1962,0,0.1604,-0.1997,0.9666,0,0,0.1123,0,1]},
{"frame":7,"values":[0.9864,-0.0044,-0.1641,0,0.037,0.98,0.1956,0,0.1599,-0.199,0.9669,0,0,0.1123,0,1]},
{"frame":8,"values":[0.9865,-0.0043,-0.1638,0,0.0367,0.9801,0.1949,0,0.1597,-0.1983,0.967,0,0,0.1123,0,1]},
{"frame":9,"values":[0.9865,-0.0042,-0.1637,0,0.0364,0.9803,0.1941,0,0.1596,-0.1975,0.9672,0,0,0.1123,0,1]},
{"frame":10,"values":[0.9865,-0.0041,-0.1637,0,0.0362,0.9805,0.1932,0,0.1598,-0.1965,0.9674,0,0,0.1123,0,1]},
{"frame":11,"values":[0.9865,-0.004,-0.1639,0,0.0359,0.9807,0.1922,0,0.16,-0.1955,0.9676,0,0,0.1123,0,1]},
{"frame":12,"values":[0.9864,-0.0039,-0.1641,0,0.0357,0.9809,0.1912,0,0.1602,-0.1945,0.9677,0,0,0.1123,0,1]},
{"frame":13,"values":[0.9864,-0.0037,-0.1642,0,0.0354,0.9811,0.1904,0,0.1604,-0.1936,0.9679,0,0,0.1123,0,1]},
{"frame":14,"values":[0.9864,-0.0035,-0.1641,0,0.0351,0.9812,0.1897,0,0.1603,-0.1928,0.968,0,0,0.1123,0,1]},
{"frame":15,"values":[0.9865,-0.0033,-0.1637,0,0.0347,0.9814,0.1889,0,0.16,-0.192,0.9683,0,0,0.1123,0,1]},
{"frame":16,"values":[0.9866,-0.0031,-0.1633,0,0.0343,0.9816,0.188,0,0.1597,-0.1911,0.9685,0,0,0.1123,0,1]},
{"frame":17,"values":[0.9866,-0.0029,-0.1632,0,0.0339,0.9818,0.1871,0,0.1597,-0.1901,0.9687,0,0,0.1123,0,1]},
{"frame":18,"values":[0.9866,-0.0028,-0.1633,0,0.0336,0.9819,0.1862,0,0.1599,-0.1892,0.9688,0,0,0.1123,0,1]},
{"frame":19,"values":[0.9865,-0.0027,-0.1635,0,0.0334,0.9821,0.1853,0,0.1601,-0.1883,0.969,0,0,0.1123,0,1]},
{"frame":20,"values":[0.9865,-0.0025,-0.1636,0,0.0331,0.9823,0.1846,0,0.1603,-0.1875,0.9691,0,0,0.1123,0,1]},
{"frame":21,"values":[0.9865,-0.0024,-0.1636,0,0.0329,0.9824,0.1839,0,0.1603,-0.1868,0.9692,0,0,0.1123,0,1]},
{"frame":22,"values":[0.9865,-0.0024,-0.1634,0,0.0327,0.9825,0.1832,0,0.1602,-0.1861,0.9694,0,0,0.1123,0,1]},
{"frame":23,"values":[0.9866,-0.0023,-0.1633,0,0.0325,0.9826,0.1826,0,0.1601,-0.1855,0.9695,0,0,0.1123,0,1]},
{"frame":24,"values":[0.9866,-0.0023,-0.1633,0,0.0324,0.9828,0.182,0,0.16,-0.1849,0.9696,0,0,0.1123,0,1]},
{"frame":25,"values":[0.9866,-0.0023,-0.1633,0,0.0323,0.9829,0.1815,0,0.1601,-0.1844,0.9697,0,0,0.1123,0,1]},
{"frame":26,"values":[0.9866,-0.0023,-0.1634,0,0.0323,0.9829,0.1812,0,0.1602,-0.1841,0.9698,0,0,0.1123,0,1]},
{"frame":27,"values":[0.9865,-0.0023,-0.1635,0,0.0323,0.9829,0.1811,0,0.1603,-0.184,0.9698,0,0,0.1123,0,1]},
{"frame":28,"values":[0.9865,-0.0024,-0.1636,0,0.0324,0.9829,0.1813,0,0.1603,-0.1841,0.9697,0,0,0.1123,0,1]},
{"frame":29,"values":[0.9865,-0.0025,-0.1637,0,0.0326,0.9828,0.1816,0,0.1604,-0.1845,0.9696,0,0,0.1123,0,1]},
{"frame":30,"values":[0.9865,-0.0026,-0.1638,0,0.0329,0.9827,0.1821,0,0.1605,-0.185,0.9695,0,0,0.1123,0,1]},
{"frame":31,"values":[0.9865,-0.0027,-0.1639,0,0.0331,0.9826,0.1827,0,0.1605,-0.1856,0.9694,0,0,0.1123,0,1]},
{"frame":32,"values":[0.9865,-0.0028,-0.1639,0,0.0333,0.9825,0.1833,0,0.1605,-0.1863,0.9693,0,0,0.1123,0,1]},
{"frame":33,"values":[0.9865,-0.0029,-0.1638,0,0.0334,0.9823,0.1841,0,0.1604,-0.1871,0.9692,0,0,0.1123,0,1]},
{"frame":34,"values":[0.9865,-0.0029,-0.1637,0,0.0336,0.9822,0.185,0,0.1603,-0.188,0.969,0,0,0.1123,0,1]},
{"frame":35,"values":[0.9865,-0.003,-0.1637,0,0.0338,0.982,0.1857,0,0.1602,-0.1887,0.9689,0,0,0.1123,0,1]},
{"frame":36,"values":[0.9865,-0.0031,-0.1638,0,0.034,0.9819,0.1864,0,0.1602,-0.1894,0.9687,0,0,0.1123,0,1]},
{"frame":37,"values":[0.9865,-0.0032,-0.1639,0,0.0342,0.9818,0.187,0,0.1604,-0.19,0.9686,0,0,0.1123,0,1]},
{"frame":38,"values":[0.9864,-0.0033,-0.1641,0,0.0345,0.9816,0.1876,0,0.1605,-0.1907,0.9684,0,0,0.1123,0,1]},
{"frame":39,"values":[0.9864,-0.0034,-0.1642,0,0.0347,0.9815,0.1883,0,0.1605,-0.1915,0.9683,0,0,0.1123,0,1]},
{"frame":40,"values":[0.9864,-0.0034,-0.1641,0,0.0348,0.9813,0.1891,0,0.1604,-0.1922,0.9682,0,0,0.1123,0,1]},
{"frame":41,"values":[0.9865,-0.0034,-0.164,0,0.035,0.9812,0.1898,0,0.1603,-0.193,0.968,0,0,0.1123,0,1]},
{"frame":42,"values":[0.9865,-0.0035,-0.164,0,0.0352,0.9811,0.1904,0,0.1602,-0.1936,0.9679,0,0,0.1123,0,1]},
{"frame":43,"values":[0.9864,-0.0037,-0.1641,0,0.0354,0.981,0.1909,0,0.1603,-0.1941,0.9678,0,0,0.1123,0,1]},
{"frame":44,"values":[0.9864,-0.0038,-0.1643,0,0.0356,0.9809,0.1913,0,0.1605,-0.1946,0.9677,0,0,0.1123,0,1]},
{"frame":45,"values":[0.9863,-0.0039,-0.1646,0,0.0359,0.9808,0.1919,0,0.1607,-0.1952,0.9675,0,0,0.1123,0,1]},
{"frame":46,"values":[0.9863,-0.0041,-0.1649,0,0.0362,0.9806,0.1925,0,0.1609,-0.1958,0.9674,0,0,0.1123,0,1]},
{"frame":47,"values":[0.9863,-0.0042,-0.1651,0,0.0364,0.9805,0.1931,0,0.161,-0.1964,0.9672,0,0,0.1123,0,1]},
{"frame":48,"values":[0.9863,-0.0043,-0.1652,0,0.0367,0.9804,0.1937,0,0.1611,-0.1971,0.9671,0,0,0.1123,0,1]},
{"frame":49,"values":[0.9862,-0.0043,-0.1652,0,0.0369,0.9803,0.1943,0,0.1611,-0.1977,0.9669,0,0,0.1123,0,1]},
{"frame":50,"values":[0.9862,-0.0044,-0.1652,0,0.037,0.9801,0.1948,0,0.1611,-0.1983,0.9668,0,0,0.1123,0,1]},
{"frame":51,"values":[0.9862,-0.0045,-0.1653,0,0.0372,0.98,0.1954,0,0.1611,-0.1988,0.9667,0,0,0.1123,0,1]},
{"frame":52,"values":[0.9862,-0.0045,-0.1653,0,0.0373,0.9799,0.1958,0,0.1611,-0.1993,0.9666,0,0,0.1123,0,1]},
{"frame":53,"values":[0.9862,-0.0045,-0.1654,0,0.0374,0.9798,0.1963,0,0.1612,-0.1997,0.9665,0,0,0.1123,0,1]},
{"frame":54,"values":[0.9862,-0.0045,-0.1655,0,0.0375,0.9798,0.1966,0,0.1613,-0.2001,0.9664,0,0,0.1123,0,1]},
{"frame":55,"values":[0.9862,-0.0045,-0.1656,0,0.0375,0.9797,0.1969,0,0.1613,-0.2004,0.9663,0,0,0.1123,0,1]},
{"frame":56,"values":[0.9862,-0.0046,-0.1656,0,0.0376,0.9796,0.1972,0,0.1613,-0.2007,0.9663,0,0,0.1123,0,1]},
{"frame":57,"values":[0.9862,-0.0046,-0.1656,0,0.0377,0.9796,0.1975,0,0.1613,-0.201,0.9662,0,0,0.1123,0,1]},
{"frame":58,"values":[0.9862,-0.0047,-0.1656,0,0.0378,0.9795,0.1977,0,0.1613,-0.2012,0.9662,0,0,0.1123,0,1]},
{"frame":59,"values":[0.9862,-0.0047,-0.1656,0,0.0379,0.9795,0.1978,0,0.1613,-0.2014,0.9661,0,0,0.1123,0,1]},
{"frame":60,"values":[0.9862,-0.0047,-0.1656,0,0.0379,0.9795,0.1979,0,0.1613,-0.2014,0.9661,0,0,0.1123,0,1]},
{"frame":70,"values":[0.9862,-0.0049,-0.1656,0,0.0381,0.9795,0.1978,0,0.1612,-0.2013,0.9662,0,0,0.1123,0,1]},
{"frame":71,"values":[0.9862,-0.0049,-0.1656,0,0.0381,0.9795,0.1978,0,0.1612,-0.2013,0.9662,0,0,0.1123,0,1]}]}},
{"name":"mixamorig:Neck","index":4,"matrix":[0.9997,0.0031,0.0224,0,-0.0035,0.9998,0.019,0,-0.0223,-0.0191,0.9996,0,0,0.1264,0,1],"rest":[1,0,0,0,0,0.9956,0.0941,0,0,-0.0941,0.9956,0,0,0.1264,0,1],"parentBoneIndex":3,"length":0.0695
,"animation":
{"name":"anim","property":"_matrix","dataType":3,"framePerSecond":30,"loopBehavior":1,"keys":[
{"frame":1,"values":[0.9997,0.0031,0.0224,0,-0.0035,0.9998,0.019,0,-0.0223,-0.0191,0.9996,0,0,0.1264,0,1]},
{"frame":2,"values":[0.9997,0.003,0.0224,0,-0.0035,0.9998,0.0196,0,-0.0223,-0.0197,0.9996,0,0,0.1264,0,1]},
{"frame":3,"values":[0.9997,0.0028,0.0224,0,-0.0033,0.9998,0.0207,0,-0.0223,-0.0208,0.9995,0,0,0.1264,0,1]},
{"frame":4,"values":[0.9997,0.0026,0.0224,0,-0.0031,0.9997,0.0225,0,-0.0223,-0.0226,0.9995,0,0,0.1264,0,1]},
{"frame":5,"values":[0.9997,0.0026,0.0224,0,-0.0032,0.9997,0.0251,0,-0.0223,-0.0251,0.9994,0,0,0.1264,0,1]},
{"frame":6,"values":[0.9997,0.0027,0.0223,0,-0.0033,0.9996,0.0283,0,-0.0222,-0.0284,0.9994,0,0,0.1264,0,1]},
{"frame":7,"values":[0.9998,0.0027,0.0222,0,-0.0034,0.9995,0.032,0,-0.0221,-0.032,0.9992,0,0,0.1264,0,1]},
{"frame":8,"values":[0.9998,0.0026,0.0221,0,-0.0034,0.9994,0.0357,0,-0.022,-0.0358,0.9991,0,0,0.1264,0,1]},
{"frame":9,"values":[0.9998,0.0021,0.0221,0,-0.003,0.9992,0.0393,0,-0.022,-0.0393,0.999,0,0,0.1264,0,1]},
{"frame":10,"values":[0.9998,0.0017,0.022,0,-0.0026,0.9991,0.0426,0,-0.0219,-0.0426,0.9989,0,0,0.1264,0,1]},
{"frame":11,"values":[0.9998,0.0017,0.022,0,-0.0027,0.9989,0.0458,0,-0.0219,-0.0459,0.9987,0,0,0.1264,0,1]},
{"frame":12,"values":[0.9998,0.0021,0.022,0,-0.0032,0.9988,0.0493,0,-0.0219,-0.0493,0.9985,0,0,0.1264,0,1]},
{"frame":13,"values":[0.9998,0.0027,0.022,0,-0.0038,0.9986,0.0529,0,-0.0219,-0.0529,0.9984,0,0,0.1264,0,1]},
{"frame":14,"values":[0.9998,0.0028,0.022,0,-0.004,0.9984,0.0565,0,-0.0218,-0.0566,0.9982,0,0,0.1264,0,1]},
{"frame":15,"values":[0.9998,0.0023,0.022,0,-0.0037,0.9982,0.06,0,-0.0218,-0.06,0.998,0,0,0.1264,0,1]},
{"frame":16,"values":[0.9998,0.0018,0.0219,0,-0.0031,0.998,0.0631,0,-0.0217,-0.0632,0.9978,0,0,0.1264,0,1]},
{"frame":17,"values":[0.9998,0.0013,0.0218,0,-0.0027,0.9978,0.0655,0,-0.0216,-0.0656,0.9976,0,0,0.1264,0,1]},
{"frame":18,"values":[0.9998,0.001,0.0217,0,-0.0025,0.9978,0.0668,0,-0.0216,-0.0668,0.9975,0,0,0.1264,0,1]},
{"frame":19,"values":[0.9998,0.0009,0.0216,0,-0.0024,0.9978,0.0669,0,-0.0215,-0.067,0.9975,0,0,0.1264,0,1]},
{"frame":20,"values":[0.9998,0.0009,0.0215,0,-0.0023,0.9978,0.0665,0,-0.0214,-0.0665,0.9976,0,0,0.1264,0,1]},
{"frame":21,"values":[0.9998,0.0009,0.0214,0,-0.0024,0.9978,0.0661,0,-0.0213,-0.0662,0.9976,0,0,0.1264,0,1]},
{"frame":22,"values":[0.9998,0.001,0.0214,0,-0.0025,0.9978,0.0661,0,-0.0213,-0.0662,0.9976,0,0,0.1264,0,1]},
{"frame":23,"values":[0.9998,0.0012,0.0213,0,-0.0026,0.9978,0.0664,0,-0.0212,-0.0665,0.9976,0,0,0.1264,0,1]},
{"frame":24,"values":[0.9998,0.0012,0.0213,0,-0.0027,0.9978,0.0666,0,-0.0212,-0.0667,0.9976,0,0,0.1264,0,1]},
{"frame":25,"values":[0.9998,0.0013,0.0213,0,-0.0027,0.9978,0.0664,0,-0.0212,-0.0664,0.9976,0,0,0.1264,0,1]},
{"frame":26,"values":[0.9998,0.0013,0.0213,0,-0.0027,0.9978,0.0656,0,-0.0212,-0.0656,0.9976,0,0,0.1264,0,1]},
{"frame":27,"values":[0.9998,0.0013,0.0213,0,-0.0027,0.9979,0.0644,0,-0.0212,-0.0645,0.9977,0,0,0.1264,0,1]},
{"frame":28,"values":[0.9998,0.0015,0.0213,0,-0.0029,0.998,0.0632,0,-0.0212,-0.0632,0.9978,0,0,0.1264,0,1]},
{"frame":29,"values":[0.9998,0.0018,0.0214,0,-0.0031,0.9981,0.0621,0,-0.0212,-0.0621,0.9978,0,0,0.1264,0,1]},
{"frame":30,"values":[0.9998,0.002,0.0214,0,-0.0033,0.9981,0.0611,0,-0.0212,-0.0612,0.9979,0,0,0.1264,0,1]},
{"frame":31,"values":[0.9998,0.002,0.0214,0,-0.0033,0.9982,0.0603,0,-0.0212,-0.0604,0.9979,0,0,0.1264,0,1]},
{"frame":32,"values":[0.9998,0.0019,0.0214,0,-0.0032,0.9982,0.0595,0,-0.0213,-0.0596,0.998,0,0,0.1264,0,1]},
{"frame":33,"values":[0.9998,0.0016,0.0214,0,-0.0029,0.9983,0.0587,0,-0.0213,-0.0587,0.998,0,0,0.1264,0,1]},
{"frame":34,"values":[0.9998,0.0014,0.0214,0,-0.0026,0.9983,0.0578,0,-0.0213,-0.0579,0.9981,0,0,0.1264,0,1]},
{"frame":35,"values":[0.9998,0.0014,0.0214,0,-0.0026,0.9984,0.0569,0,-0.0213,-0.0569,0.9982,0,0,0.1264,0,1]},
{"frame":36,"values":[0.9998,0.0017,0.0214,0,-0.0029,0.9985,0.0556,0,-0.0213,-0.0556,0.9982,0,0,0.1264,0,1]},
{"frame":37,"values":[0.9998,0.002,0.0214,0,-0.0031,0.9986,0.0537,0,-0.0213,-0.0537,0.9983,0,0,0.1264,0,1]},
{"frame":38,"values":[0.9998,0.0021,0.0213,0,-0.0032,0.9987,0.0512,0,-0.0211,-0.0512,0.9985,0,0,0.1264,0,1]},
{"frame":39,"values":[0.9998,0.0021,0.021,0,-0.0031,0.9988,0.0484,0,-0.0209,-0.0485,0.9986,0,0,0.1264,0,1]},
{"frame":40,"values":[0.9998,0.0021,0.0209,0,-0.003,0.9989,0.046,0,-0.0207,-0.046,0.9987,0,0,0.1264,0,1]},
{"frame":41,"values":[0.9998,0.0023,0.0209,0,-0.0032,0.999,0.0442,0,-0.0208,-0.0443,0.9988,0,0,0.1264,0,1]},
{"frame":42,"values":[0.9998,0.0026,0.0211,0,-0.0035,0.9991,0.043,0,-0.021,-0.043,0.9989,0,0,0.1264,0,1]},
{"frame":43,"values":[0.9998,0.0029,0.0215,0,-0.0038,0.9991,0.0418,0,-0.0213,-0.0419,0.9989,0,0,0.1264,0,1]},
{"frame":44,"values":[0.9998,0.003,0.0217,0,-0.0038,0.9992,0.0403,0,-0.0216,-0.0403,0.999,0,0,0.1264,0,1]},
{"frame":45,"values":[0.9998,0.0028,0.0218,0,-0.0037,0.9993,0.0383,0,-0.0216,-0.0384,0.999,0,0,0.1264,0,1]},
{"frame":46,"values":[0.9998,0.0025,0.0218,0,-0.0033,0.9993,0.0363,0,-0.0216,-0.0364,0.9991,0,0,0.1264,0,1]},
{"frame":47,"values":[0.9998,0.0023,0.0217,0,-0.003,0.9994,0.0344,0,-0.0216,-0.0345,0.9992,0,0,0.1264,0,1]},
{"frame":48,"values":[0.9998,0.0022,0.0217,0,-0.0029,0.9995,0.0329,0,-0.0216,-0.0329,0.9992,0,0,0.1264,0,1]},
{"frame":49,"values":[0.9998,0.0021,0.0217,0,-0.0028,0.9995,0.0315,0,-0.0216,-0.0315,0.9993,0,0,0.1264,0,1]},
{"frame":50,"values":[0.9998,0.0022,0.0217,0,-0.0028,0.9995,0.0301,0,-0.0216,-0.0301,0.9993,0,0,0.1264,0,1]},
{"frame":51,"values":[0.9998,0.0021,0.0217,0,-0.0027,0.9996,0.0285,0,-0.0216,-0.0286,0.9994,0,0,0.1264,0,1]},
{"frame":52,"values":[0.9998,0.0019,0.0217,0,-0.0025,0.9996,0.0268,0,-0.0216,-0.0269,0.9994,0,0,0.1264,0,1]},
{"frame":53,"values":[0.9998,0.0017,0.0217,0,-0.0023,0.9997,0.0251,0,-0.0216,-0.0252,0.9994,0,0,0.1264,0,1]},
{"frame":54,"values":[0.9998,0.0017,0.0217,0,-0.0022,0.9997,0.0236,0,-0.0217,-0.0237,0.9995,0,0,0.1264,0,1]},
{"frame":55,"values":[0.9998,0.0019,0.0218,0,-0.0024,0.9997,0.0224,0,-0.0218,-0.0225,0.9995,0,0,0.1264,0,1]},
{"frame":56,"values":[0.9998,0.0023,0.022,0,-0.0028,0.9998,0.0216,0,-0.0219,-0.0216,0.9995,0,0,0.1264,0,1]},
{"frame":57,"values":[0.9997,0.0027,0.0222,0,-0.0032,0.9998,0.0209,0,-0.0222,-0.021,0.9995,0,0,0.1264,0,1]},
{"frame":58,"values":[0.9997,0.003,0.0224,0,-0.0034,0.9998,0.0202,0,-0.0223,-0.0203,0.9995,0,0,0.1264,0,1]},
{"frame":59,"values":[0.9997,0.0031,0.0223,0,-0.0036,0.9998,0.0194,0,-0.0223,-0.0195,0.9996,0,0,0.1264,0,1]},
{"frame":60,"values":[0.9997,0.0031,0.0223,0,-0.0036,0.9998,0.019,0,-0.0222,-0.0191,0.9996,0,0,0.1264,0,1]},
{"frame":70,"values":[0.9997,0.0031,0.0224,0,-0.0035,0.9998,0.019,0,-0.0223,-0.0191,0.9996,0,0,0.1264,0,1]},
{"frame":71,"values":[0.9997,0.0031,0.0224,0,-0.0035,0.9998,0.019,0,-0.0223,-0.0191,0.9996,0,0,0.1264,0,1]}]}},
{"name":"mixamorig:Head","index":5,"matrix":[0.9371,-0.0448,-0.3463,0,0.0062,0.9937,-0.1116,0,0.3491,0.1025,0.9315,0,0,0.0662,0.0211,1],"rest":[1,0,0,0,0,1,0,0,0,0,1,0,0,0.0662,0.0211,1],"parentBoneIndex":4,"length":0.2017
,"animation":
{"name":"anim","property":"_matrix","dataType":3,"framePerSecond":30,"loopBehavior":1,"keys":[
{"frame":1,"values":[0.9371,-0.0448,-0.3463,0,0.0062,0.9937,-0.1116,0,0.3491,0.1025,0.9315,0,0,0.0662,0.0211,1]},
{"frame":2,"values":[0.9372,-0.0445,-0.3459,0,0.0062,0.9938,-0.111,0,0.3487,0.1019,0.9317,0,0,0.0662,0.0211,1]},
{"frame":3,"values":[0.9374,-0.0436,-0.3456,0,0.0058,0.9939,-0.1097,0,0.3483,0.1008,0.932,0,0,0.0662,0.0211,1]},
{"frame":4,"values":[0.9375,-0.042,-0.3454,0,0.005,0.9942,-0.1073,0,0.3479,0.0989,0.9323,0,0,0.0662,0.0211,1]},
{"frame":5,"values":[0.9376,-0.0396,-0.3455,0,0.0038,0.9946,-0.1037,0,0.3478,0.0959,0.9327,0,0,0.0662,0.0211,1]},
{"frame":6,"values":[0.9375,-0.037,-0.346,0,0.0026,0.9951,-0.0993,0,0.348,0.0922,0.933,0,0,0.0662,0.0211,1]},
{"frame":7,"values":[0.9374,-0.0346,-0.3465,0,0.0016,0.9955,-0.0948,0,0.3482,0.0883,0.9332,0,0,0.0662,0.0211,1]},
{"frame":8,"values":[0.9375,-0.0321,-0.3466,0,0.0007,0.9959,-0.0904,0,0.3481,0.0845,0.9337,0,0,0.0662,0.0211,1]},
{"frame":9,"values":[0.9377,-0.0293,-0.3461,0,-0.0005,0.9963,-0.0858,0,0.3473,0.0806,0.9343,0,0,0.0662,0.0211,1]},
{"frame":10,"values":[0.9381,-0.0265,-0.3455,0,-0.0019,0.9967,-0.0814,0,0.3465,0.077,0.9349,0,0,0.0662,0.0211,1]},
{"frame":11,"values":[0.9381,-0.0247,-0.3455,0,-0.0025,0.9969,-0.0781,0,0.3463,0.0741,0.9352,0,0,0.0662,0.0211,1]},
{"frame":12,"values":[0.9378,-0.0246,-0.3462,0,-0.002,0.9971,-0.0763,0,0.3471,0.0723,0.935,0,0,0.0662,0.0211,1]},
{"frame":13,"values":[0.9375,-0.0253,-0.347,0,-0.0011,0.9971,-0.0755,0,0.3479,0.0711,0.9348,0,0,0.0662,0.0211,1]},
{"frame":14,"values":[0.9374,-0.0254,-0.3472,0,-0.0007,0.9972,-0.0748,0,0.3481,0.0704,0.9348,0,0,0.0662,0.0211,1]},
{"frame":15,"values":[0.9376,-0.0245,-0.3468,0,-0.0015,0.9972,-0.0744,0,0.3477,0.0703,0.935,0,0,0.0662,0.0211,1]},
{"frame":16,"values":[0.9378,-0.0234,-0.3464,0,-0.0026,0.9972,-0.0746,0,0.3471,0.0709,0.9351,0,0,0.0662,0.0211,1]},
